0.24962000000000004,-0.25002000000000013
999.9786,-1000.0214
0.2902000000000002,-0.2908
0.24300000000000005,-0.24360000000000007
0.6871999999999991,-0.6884000000000006
0.8549999999999981,-0.8571999999999999
0.4947999999999995,-0.49519999999999986
0.537599999999999,-0.5381999999999999
0.357,-0.35800000000000004
0.5613999999999999,-0.5627999999999997
0.5710000000000004,-0.5710000000000007
1.742,-1.7440000000000007
3.724000000000001e-21,-3.739999999999999e-21
4.288000000000002e-21,-4.2760000000000005e-21
534.8000000000002,-536.2000000000005
0.04126000000000003,-0.04136000000000001
0.05278000000000003,-0.052899999999999926
0.01582,-0.01584
0.037279999999999994,-0.037279999999999994,-0.00014000000000000001
0.035699999999999996,-0.03569999999999998,-0.0001
0.013760000000000005,-0.013879999999999998,0.0
554.6000000000004,-555.6,0.8
195.20000000000002,-195.79999999999995,-0.6000000000000001
